# Cut html files into game

ls *.html | xargs -P8 -i bash -c "csplit --digits=2  --quiet --prefix={} <(cat {} | htmlq '#gamelogs>div.gamelogreview' -t | grep -v 'to their preferences') '/is now the first player/+1' '{*}'"

# Get partner's name

ls /home/olivier/downloads/gl/*.html* | xargs -i sh -c 'head -n1 "{}" | grep -q Havanaa && sed -n 3p {} | cut -d" " -f1' | sort | uniq

# Extract links

var links = document.getElementsByTagName("a");
for(var i=0; i<links.length; i++)
  if(links[i].href.includes("table?table"))
    console.log(links[i].href);

# Remaining games

for i in 203107455 203116321 203117696 203820186 203827460 203935858 204060021 204067154 204297658 204316809 204327675 204431295 204440714 204463906 204466782 204475941 204530369 204549045 204567250 204685504 204688927 204699742 204805235 204828530 205020805 205033999 205275967 205276774 205282773 205283967 205505503 205519192 205627643 205629051 206216620 207193421 207640737 207653024 207653139 207771156 207789380 207896191 207898907 207909091 208003138 208005104 208009008 208018406 208053353 208067570 208141934 208156491 208157586 208169063 208244418 208353232 208368000 208848783 208856402 208864163 208876230 209061691 209074535 209081471 209083163 209321417 209333587 209338804 209440179 209459314 209489473 209498040 209528817 209529702 209575758 209576462 209583254 209586339 209686488 209693087 209693214 209708471 209771383 209781740 209790566 209801712 210273678 210481669 210506354 210518627 210526113 210620551 210622953 210720735 210730686 210740607 210752562 210980345 210982280 210999110 211101786 211105891 211220564 211235820 211342527 211357598 211358531 211366411 211404282 211408139 211431264 211444306 211445040 211465045 211680113 211690925 211692630 211700128 211903515 211904500 211919356 212144164 212153350 212156253 212176724 212284306 212285913 212396808 212576033 212636196 212784108 212793942 212799209 212801685 212839786 212846771 212849785 212886684 212887839 213022009 213034973 213121857 213130216 213142567 213143601 213255393 213293436 213307720 213363777 213387418 213387621 213624309 213630186 213880581 213887095 214111121 214124870 214342310 214343009 214350315 214504696 214519403 214551112 214559635 214575928 214584491 214639196 214754524 214756407 214851775 214857880 214860172 215080626 215092104 215344443 215345750 215350341 215358420 215358903 215606246 216074807 216085201 216258478 216310434 216320464 216344047 216354932 216485232 216485346 216502251 216503237 216523600 216535835 216560215 216564377 216813405 216816758 216823964 216843178 217072060 217300093 217555213 217971063 217978699 218023001 218038064 218045330 218180765 218184180 218195576 218211444 218251438 218269024 218430603 218522557 218534112 218551236 218557888 218560624 218563798 218757983 218759769 219040901 219048455 219945907 220089402 220115934 220175661 220175767 220210735 220404146 220408174 220417213 220604003 220604196 220879744 220881171 220887127 221003848 221119459 221129586 221131342 221266717 221275330 221296114 221306450 221315589 221327235 221350657 221354350 221363612 221511604 221527100 221528990 221630039 221639481 221649360 221863636 221870604 221886621 222002333 222005835 222111935 222121822 222124088 222401649 222407256 222492579 222851587 223018834 223099676 223105201 223124410 225354864 225414660 225579565 225634104 225918375 225927814 226148565 226161633 226338928 226405386 226414551 228341836 229620057 229639521 229734379 230309091 230316321 230364093 230366579 230686190 230689197 231000400 231002786 231191008 231243865 231313255 231512329 231517053 231562145 231675334 231838329 231902927 231908121 231960854 231967848 232134218 232142653 232184977 232191935 232257124 232269711 232275961 232405145 232413948 232422320 232451118 232469843 232561287 232576609 232606025 232790350 232816585 232940810 233423284 233818690 233822800 233849970 234140084 234162049 234304597 234518085 234528801 234618416 234621690 234685744 234688121 234716663 234774711 234775446 234780966 234950348 234963093 235143328 235155786 235433119 235438176 235443938 235474493 235483272 235727360 235738080 235751523 235929919 236041619 236067200 236358237 236367647 236389380 236408893 236414351 236655804 236663772 236672643 236712042 236845846 236848404 236856800 236997095 237012700 237021391 237187894 237189358 237196358 237313440 237317137 237322586 237520198 237520265 237528510 237577676 237581912 237628358 237631658 237640486 237942509 237958208 237963768 238134154 238260745 238271683 238312594 238327025 238556339 238567481 238594732 238595985 238738499 238761932 238795990 238843718 239054816 239059303 239510853 239529461 239700096 239716843 239754680 239827037 239883339 239895238 240036367 240209481 240211051 240337647 240338043 240384060 240457676 240480420 240495172 240736112 240790018 240798630 240929174 241064624 241065280 241072845 241278064 241351233 241363443 241579478 241587246 241668893 241675953 241830763 241843593 241871673 241879887 241932643 241948400 241963799 242107448 242314973 242415290 242539707 242545025 242597929 242742473 242790406 242814798 242819714 242984995 242988707 243106186 243107978 243114313 243128920 243283851 243420628 243424961 243582290 243588435 243699478 243706765 243758537 244001091 244109422 244119501 244218019 244523984 244555873 244594599 244644348 244656435 244668106 244951448 244960285 244971035 245687515 245785849 245792627 245805269 245954489 245956462 246068683 246097856 246239772 246303474 246336312 246382880 246386363 246634946 246640126 247180894 247199770 247333938 247391265 247405182 247460277 247619058 247625094 247678363 247684240 247752823 247759259 247915873 248304551 248311038 248311444 248521206 248523280 248610145 248626424 248755360 248875817 248882027 249297235 249466304 249479533 249591688 249593284 249630909 249647156 249713718 249724206 249878739 249885993 249886748 250055938 250068413 250250288 250347892 250461474 250574055 250581681 250747875 250749452 250824375 250844625 250857821 251134032 251142512 251181994 251195570 251287698 251341154 252576998 252789246 252852962 252871108 252998855 253135247 253321373 253413025 253422906 254241982 254244286 254384496 254830234 254839231 254849020 255092543 255514006 255516854 255518877 255553126 255599203 255599479 255845547 255862636 257057679 257329537 257330535 257466815 260133012 260292064 260341335 260359601 260518718 261087180 262428346 262431665 262710019 262721284 262733580 264618079 265013397 265015521 265281049 265289602 265428208 265513893 265522503 265590725 265591957 265593601 265776567 265778163 265782872 267390472 267516917 267522121 270160375 272409935 272811263 272928036 272937980 273057776 273063733 273434826 273437549 273453255 273739868 273748517 273985955 273986242 273997240 274242655 274259680 274663086 274911301 274914364 277636908 277645158 277903224 278156708 278313951 278426480 278545554 278674428 278975558 278977902 279074871 279207985 279214522 279331146 279335459 279982727 279984556 280727373 282403031 282409696 282778914 282934929 282949952 282987817 283008760 283201508 283216012 283465350 284270887 284288895 284391169 284395724 287547070 287576887 287586894 287837082 293187945 293434142 294850693 294856387 295081658 295137559 295290169 295426062 295426417 295437512 295439192 295830026 295930789 295947309 296941945 296949371 297032105 297045618 297047442 297216713 297222584 297584989 297587355 297612839 297623616 297743838 297755874 297800250 298168660 298606683 298661244 298711537 298712291 299091944 299115415 299188389 299195634 299496478 299499491 299775339 299788715 299914580 300037110 300184802 300305515 300307711 300723639 300730543 300793387 300803814 300860673 301012525 301018900 301084326 301086949 301142006 301146814 301299189 301300187 301300281 301701304 301715518 301716421 302237058 302242463 302640389 302652463 302659495 302726007 303036407 303042957 303044523 303489711 304037184 304039246 304040940 304082518 304179356 304181426 304443723 304443808 304456334 304741627 304750168 304753174 304883699 305294266 305307786 305860889 305866904 306365922 306584574 306599406 306608692 306653044 306655788 306663842 306698375 306700170 306855077 306858266 306887727 306894902 306909490 306946641 307260438 307271083 307276409 307530546 307711772 307861728 307863911 309010985 309640611 309668391 309988482 310504499 310513954 310785192 310962056 310974519 310977942 311042443 312602385 312612502 312758264 312758533 312828598 317710851 318299150 318586001 318860525 322528559 324472254 324778160 324954646 325258289 325667420 326187468 326232851 326499300 326570761 326774435 326781470 326813128 326870285 326910339 328086547 328245899 328410636 328630868 328854233 330717330 330725310 330753757 330924678 330934002 331027572 331038141 331341936 331384463 331387448 331390866 331437892 331570733 331577698 331667128 331995662 332701705 332716504 335452202 336809611 338835629 339527130 339537323 341073116 341426286 341448222 341647358 341971043 343325028 343334657 343337313 343501444 343501779 343540703 343543965 343653532 343698207 343866414 343875402 344090770 344216451 345372298 348303143 348323469 348435097 348624706 348707097 348712928 348995601; do test -f "src/Replay Coinche #$i • Board Game Arena.html" || echo "https://boardgamearena.com/gamereview?table=$i"; done | head -16 | xargs -n1 -P16 google-chrome
